
=== PAGE 67 ===
丨评价报告
2025中国能源上市公司可持续发展（ESG）评价前200名单
发布机构：
万绿信评
能源金融与法律分公
areen ccredit
10
12
13
14
15
16
17
18
19
19
20
21
22
23
24
25
25
26
27
28
29
30
31
32
33
34
35
35
600900.SH
600995.SH
02688.HK
300274.SZ
601567.SH
00135.HK
002911.SZ
00686.HK
688676.SH
600339.SH
688408.SH
600406.SH
000400.SZ
688248.SH
600968.SH
603031.SH
603606.SH
01193.HK
301327.SZ
601877.SH
002706.SZ
601126.SH
600885.SH
600956.SH/
00956.HK
601179.SH
603050.SH
01083.HK
600821.SH
600875.SH/
01072.HK
01713.HK
605117.SH
601666.SH
001208.SZ
688155.SH
600803.SH
601616.SH
600236.SH
002534.SZ
长江电力
南网储能
新奥能源
阳光电源
三星医疗电气
昆仑能源
佛燃能源
北京能源国际
金盘科技
中油工程
中信博
国电南瑞
许继电气
南网科技
海油发展
安孚科技
东方电缆
华润燃气
华宝新能
正泰电器
良信股份
四方股份
宏发股份
新天绿能
中国西电
科林电气
港华智慧能源
金开新能
东方电气
四川能投发展
德业股份
平煤股份
华菱线缆
先惠技术
新奥股份
广电电气
桂冠电力
西子洁能
指标数值
指标分值
指标数值
指标分值
指标数值
指标分值
指标数值
指标分值
指标数值
指标分值
指标数值
指标分值
指标数值
指标分值
指标数值
指标分值
指标数值
指标分值
指标数值
指标分值
指标数值
指标分值
指标数值
指标分值
指标数值
指标分值
指标数值
指标分值
指标数值
指标分值
指标数值
指标分值
指标数值
指标分值
指标数值
指标分值
指标数值
指标分值
指标数值
指标分值
指标数值
指标分值
指标数值
指标分值
指标数值
指标分值
指标数值
指标分值
指标数值
指标分值
指标数值
指标分值
指标数值
指标分值
指标数值
指标分值
指标数值
指标分值
指标数值
指标分值
指标数值
指标分值
指标数值
指标分值
指标数值
指标分值
指标数值
指标分值
指标数值
指标分值
指标数值
指标分值
指标数值
指标分值
指标数值
指标分值
4.47
8.60
30.00
7.48
18.52
7.85
5.97
8.47
22.97
7.70
85.22
5.71
22.79
7.71
87.31
5.65
6.88
8.39
33.13
7.38
24.01
7.67
16.43
7.91
16.97
7.90
7.92
8.29
38.45
7.21
35.82
7.29
0.59
8.95
13.60
8.00
13.97
7.99
9.19
8.18
46.82
6.94
13.49
8.01
103.01
5.09
29.92
7.48
74.57
6.05
15.68
7.94
39.02
7.19
11.04
8.09
42.33
7.09
455.14
4.21
41.26
7.12
37.99
7.22
52.39
6.76
40.58
7.14
319.63
4.55
25.11
7.64
2331.28
2.55
20.98
7.77
1.04
6.38
658.51
1.24
6.43
6.15
3.74
6.26
6.26
6.16
20.76
5.57
12.77
5.89
20.06
5.60
8.24
6.07
11.58
5.94
7.12
6.12
2.27
6.33
4.44
6.23
1.75
6.35
10.23
5.99
11.21
5.95
9.41
6.02
4.44
6.23
4.35
6.24
1.44
6.36
8.83
11.82
1.49
1.36
2.17
0.14
2.44
10.96
1.50
0.97
2.24
0.71
2.30
0.13
2.45
1.20
2.19
3.96
1.98
0.97
2.24
0.84
2.27
6.64
1.79
2.81
2.07
0.02
2.47
26.09
1.42
88.87
1.11
38.05
1.36
4.63
1.93
0.08
2.46
13.44
1.48
0.29
2.41
275.05
0.99
0.28
2.41
1001.97
1.46
3411.23
29545362.63
0.16
0.14
4.12
255.96
1.46
0.01
2.44
1.06
1.58
0.00
2.47
0.01
2.47
0.23
2.11
0.15
2.16
0.02
2.43
0.01
2.45
0.02
2.43
0.02
2.44
0.85
1.65
0.00
2.48
0.46
1.94
97.17
0.72
23.07
1.14
0.02
2.43
0.00
2.47
9.95
1.24
215.66
0.65
0.20
2.13
17.86
2.19
1953.14
1.39
257.29
191.71
1.77
201.72
1.76
298.81
1.73
287.74
1.73
124.11
1.79
142.50
1.78
252.44
1.75
76.32
1.93
206.48
1.76
578.40
1.63
140.94
1.79
80.31
1.91
150.18
1.78
69.32
1.96
345.02
1.71
96.59
1.80
1178.02
1.45
12626.81
0.77
150.07
1.78
439.70
1.68
165.25
1.78
531.89
1.64
99.79
1.80
137.04
1.79
0.70
2.47
860.10
1.47
1094.86
1.45
166.38
1.78
1462.67
1.43
2007.92
1.39
0.71
2.75
0.61
2.87
0.24
3.28
4.25
2.09
9.51
1.58
0.10
3.44
9.62
1.57
0.01
3.79
5.15
2.00
0.01
3.81
0.52
2.97
0.38
3.12
3.09
2.20
0.43
3.07
2.81
2.23
11.47
1.49
1.03
2.40
0.02
3.78
0.08
3.53
1.12
2.39
0.17
3.36
0.35
3.15
9.55
1.58
0.02
3.75
3.83
2.13
0.00
3.82
35.29
1.31
0.18
3.35
4.59
2.06
0.02
3.75
0.70
2.76
3262.08
0.31
6.61
1.86
4.15
2.10
46.77
1.22
0.06
3.62
539.25
0.67
3.65
2.15
0.36
0.70
1.70
0.45
0.81
0.53
0.90
0.09
0.39
0.09
0.39
0.14
0.44
1.02
1.49
0.10
0.41
0.18
0.49
0.98
1.42
0.03
0.31
0.03
0.32
0.00
0.28
0.53
0.91
0.29
0.62
0.10
0.40
1.64
1.57
0.22
0.53
0.18
0.50
0.01
0.30
7.60
2.28
0.16
0.47
0.02
0.30
0.97
1.42
0.33
0.66
4.17
1.87
0.22
0.54
1.05
0.99
0.92
0.89
0.69
0.71
4.06
1.27
3.58
1.22
1.00
0.95
5.11
1.36
2.17
1.09
2.25
1.10
5.63
1.41
5.15
1.36
7.39
1.57
1.88
1.07
2.93
1.16
3.39
1.20
4.80
1.33
1.96
1.08
7.36
1.56
9.44
1.75
5.57
1.40
1.76
1.06
3.63
1.23
5.09
1.36
0.48
0.56
4.32
1.29
0.20
0.35
4.90
1.34
3.32
1.20
3.23
1.19
5.11
1.36
0.61
0.66
4.65
1.32
0.04
0.23
6.09
1.45
0.94
2.12
0.11
0.50
1.15
0.04
0.21
0.99
2.23
0.57
1.30
0.42
0.97
0.27
0.64
0.14
0.36
0.24
0.58
0.45
1.04
0.86
1.94
1.42
2.35
0.60
1.37
0.21
0.51
0.72
1.63
0.52
1.19
0.21
0.51
0.08
0.24
0.20
0.49
0.01
0.18
0.20
0.49
0.44
1.02
0.14
0.36
3.80
2.71
0.57
1.30
0.06
0.23
0.60
1.37
1.06
2.29
0.07
0.23
0.20
0.49
0.20
0.49
60.79
2.20
50.57
2.68
50.52
2.68
65.07
2.00
49.85
2.71
38.05
2.68
51.05
2.66
77.89
1.41
53.76
2.53
75.55
1.51
55.39
2.46
43.11
2.74
50.99
2.66
35.77
2.65
43.71
2.75
47.05
2.79
43.64
2.75
51.71
2.63
18.24
2.44
63.28
2.09
27.76
2.56
58.54
2.31
39.30
2.70
67.73
1.88
46.18
2.78
67.36
1.90
51.44
2.64
75.07
1.54
69.62
1.79
49.94
2.71
37.45
2.67
61.79
2.16
65.16
2.00
54.39
2.50
54.30
2.51
14.24
2.39
56.30
2.41
68.62
1.84
71.41
66.62
66.33
65.39
65.12
64.46
63.23
63.15
63.03
62.63
62.57
62.38
62.31
61.86
61.72
61.34
61.29
61.18
61.17
61.17
61
60.99
60.83
60.5
60.37
60.19
60.19
60.1
60.09
59.7
59.69
59.5
59.4
59.28
59.27
59.14
59.08
59.08
65

=== PAGE 68 ===
2025中国能源上市公司可持续发展（ESG）评价报告
36
37
38
39
39
40
41
42
43
44
45
46
47
48
49
50
51
52
53
54
54
55
56
57
58
59
60
61
62
63
64
65
66
67
68
69
70
71
2025中国能源上市公司可持续发展（ESG）评价前200名单
发布机构：
出凡熊照所蒸念
万绿信评
能源金腆与法仆分会
areen credi1
003035.SZ
601727.SH/
02727.HK
300316.SZ
00384.HK
300693.SZ
002202.SZ/
02208.HK
600938.SH/
00883.HK
003816.SZ/
01816HK
601088.SH/
01088.HK
00182.HK
03899.HK
688349.SH
300763.SZ
603063.SH
000819.SZ
300820.SZ
600482.SH
600032.SH
002518.SZ
300001.SZ
601898.SH/
01898.HK
301291.SZ
600312SH
300037.SZ
600905.SH
688516.SH
600580.SH
688663SH
02236HK
688717.SH
002128.SZ
300919s7
601615.SH
03633 HK
06828HK
01798.HK
300390.SZ
300207.SZ
南网能源
上海电气
晶盛机电
中国燃气
盛弘股份
金风科技
中国海油
中国广核
中国神华
协合新能源
中集安瑞科
三一重能
锦浪科技
禾望电气
岳阳兴长
英杰电气
中国动力
浙江新能
科士达
特锐德
中煤能源
明阳电气
平高电气
新宙邦
三峡能源
奥特维
卧龙电驱
新风光
惠生工程
艾罗能源
申投能源
中伟股份
明阳智能
中裕能源
北京燃气蓝天
大唐新能源
天华新能
欣旺达
指标数值
指标分值
指标数值
指标分值
指标数值
指标分值
指标数值
指标分值
指标数值
指标分值
指标数值
指标分值
指标数值
指标分值
指标数值
指标分值
指标数值
指标分值
指标数值
指标分值
指标数值
指标分值
指标数值
指标分值
指标数值
指标分值
指标数值
指标分值
指标数值
指标分值
指标数值
指标分值
指标数值
指标分值
指标数值
指标分值
指标数值
指标分值
指标数值
指标分值
指标数值
指标分值
指标数值
指标分值
指标数值
指标分值
指标数值
指标分值
指标数值
指标分值
指标数值
指标分值
指标数值
指标分值
指标数值
指标分值
指标数值
指标分值
指标数值
指标分值
指标数值
指标分值
指标数值
指标分值
指标数值
指标分值
指标数值
指标分值
指标数值
指标分值
指标数值
指标分值
指标数值
指标分值
指标数值
指标分值
312.09
4.57
28.96
7.51
175.55
4.91
43.96
7.03
32.28
7.41
3.26
8.71
304.18
4.59
2.69
8.76
5891.98
1.89
42.38
7.08
44.18
7.03
72.14
6.13
29.31
7.50
19.11
7.83
634.01
3.76
18.14
7.86
126.24
5.03
1.31
8.89
82.43
5.80
18.39
7.85
2485.76
252
22.38
7.72
53.27
6.74
47735
4.16
70.79
6.17
285
8.75
4754
6.92
1104
8.09
1721
7.89
37.11
7.25
112.10
5.07
48.92
6.87
22.70
7.71
5.50
8.51
99.54
5.10
731.26
2.85
175.38
4.91
118.79
2.39
10.36
5.99
38.45
4.86
16.97
5.72
7.17
6.12
16.73
5.73
107.13
2.41
153.58
2.35
2198.93
1.11
10.29
5.99
13.38
5.86
16.90
5.72
6.68
6.14
4.43
6.23
8.78
6.05
3.91
6.26
33.06
5.08
0.33
6.43
15.90
5.76
30.26
5.19
826.97
1.22
4.69
6.22
12.74
5.89
129.93
2.38
16.67
5.73
0.76
6.40
13.56
5.86
268
6.31
5.83
6.17
8.02
6.08
1835.52
1.14
25.67
5.37
1151
5.94
930
6.03
.68
6.35
21
80
5.53
328,91
2.11
4296
4.68
9.54
1.57
4.39
1.95
5.05
1.90
14.55
1.48
6.81
1.77
1412.63
0.67
4.54
1.94
0.17
2.44
5.00
1.91
19.92
1.45
0.60
2.33
1.33
2.18
167.48
1.03
20.77
1.45
0.18
2.44
1709
1.46
308.64
0.98
15.39
147
0.39
2.38
10.36
1 50
1.18
2.19
10.58
1.50
48.70
1.31
4.02
1.98
2.66
1.52
0.08
2.28
1.08
1.58
0.85
1916.34
0.48
1.92
656.08
0.39
2.05
0.14
2.17
59
52
2.24
53
0.07
2.30
0.11
2.19
81.26
0.86
06
50
2.45
925.30
0.20
33.70
1.09
0.12
2.18
0.21
2.12
0.01
2.45
0.03
2.40
36.63
1.07
0.49
1.91
26.54
1.38
5.96
1.92
1.66
2.34
0.32
3.19
3.59
2.15
0.04
3.67
1.66
2.34
130.40.
0.85
0.26
3.26
13.63
1.47
15.71
1.46
2840.22
0.34
3.60
2.15
1.41
2.36
1.10
2.39
8.56
1.67
1.32
2.37
2.05
2.30
1394.94
0.43
4.61
2.05
1.08
2.39
1.12
2.39
19.43
1.43
0.64
18.58
1.44
8.71
1.71
0.33
0.90
0.01
0.67
0.18
0.16
0.47
0.08
0.38
0.40
0.93
2.42
1.66
0.01
0.29
0.35
0.69
0.00
0.28
0.85
1.27
1.35
1.53
0.50
1.15
0.14
0.36
1.28
2.33
0.10
0.27
2.26
2.47
0.03
0.20
2.70
1.69
0.01
0.29
0.40
0.76
0.22
0.54
1.66
1.57
0.11
1.70
0.09
0.39
0.10
0.40
0.71
1.11
1.17
1.51
0.11
0.41
0.02
0.30
0.11
0.42
0.32
0.66
1.09
1.50
0.13
0.43
0.11
0.41
0.60
1.37
0.20
0.49
0.12
0.31
0.10
0.27
0.40
0.93
0.22
0.53
0.07
0.23
0.23
0.56
0.15
0.33
0.78
0.29
0.69
0.40
0.93
246
2.50
0.15
0.38
0.59
1.35
0.94
2.12
0.85
1.92
0.63
1.44
0.29
0.69
0.02
0.19
3.63
1.81
0.50
0.87
0.07
0.36
0.01
0.21
1.38
1.02
5.94
1.44
0.09
0.25
0.60
1.37
0.15
0.38
64.41
2.03
74.42
1.57
43.16
2.74
59.03
2.29
50.45
2.69
73.96
1.59
29.05
2.57
59.49
2.26
23.42
2.51
72.28
1.67
55.40
2.45
66.85
1.92
60.48
2.22
44.63
2.76
26.03
2.54
38.83
2.69
53.23
2.56
68.11
1.86
38.32
2.68
66.17
46.29
2.78
49.97
2.71
49.57
2.73
41.99
2.73
70.96
1.73
70.58
1.75
56.68
2.39
53.64
2.54
78.42
1.38
28.31
2.56
25.30
2.53
59.62
2.26
68.59
1.84
68.04
1.86
66.74
1.93
67.48
1.89
20.13
2.47
63.44
2.08
58.83
58.81
58.79
58.69
58.69
58.66
58.35
58.31
58.16
57.88
57.36
57.3
57.28
57.26
57.24
57.15
57.05
57.04
56.92
56.7
56.7
56.63
56.57
56.53
56.46
56.43
56.39
56.37
56.33
56.32
56.18
56.11
55.96
55.88
55.83
55.81
55.74
55.7
66

=== PAGE 69 ===
丨评价报告
2025中国能源上市公司可持续发展（ESG）评价前200名单
发布机构：
万绿信评
能源金融与法律分公
areen ccredit
71
72
73
73
74
75
75
76
77
78
79
80
81
82
83
84
85
86
87
88
89
89
90
91
92
92
93
94
95
96
96
97
98
99
300207.SZ
603097.SH
601857.SH/
00857.HK
600025.SH
300870.SZ
00346.HK
603659.SH
002056.SZ
920167.BJ
600163.SH
01621.HK
002851.SZ
002487.SZ
002267.SZ
300750.SZ/
03750.HK
603556.SH
688063SH
01600.HK
600028.SH/
00386.HK
01733.HK
600508 SH
03337.HK
601225.SH
00228.HK
002560.SZ
688348.SH
688472.SH
000922.SZ
300514.SZ
01407.HK
688681.SH
300772.SZ
001289.SZ/
00916.HK
300014.SZ
100
000533.SZ
101
300073.SZ
101
002692.SZ
600188.SH/
102
01171.HK
欣旺达
江苏华辰
中国石油
华能水电
欧陆通
延长石油国际
璞泰来
横店东磁
同享科技
中闽能源
域高国际控股
麦格米特
大金重工
陕天然气
宁德时代
海兴电力
派能科技
天伦燃气
中国石化
易大宗
上海能源
安东油田服务
陕西煤业
中能控股
通达股份
昱能科技
阿特斯
佳电股份
友讯达
交运燃气
科汇股份
运达股份
龙源电力
亿纬锂能
顺钠股份
当升科技
远程股份
兖矿能源
指标数值
指标分值
指标数值
指标分值
指标数值
指标分值
指标数值
指标分值
指标数值
指标分值
指标数值
指标分值
指标数值
指标分值
指标数值
指标分值
指标数值
指标分值
指标数值
指标分值
指标数值
指标分值
指标数值
指标分值
指标数值
指标分值
指标数值
指标分值
指标数值
指标分值
指标数值
指标分值
指标数值
指标分值
指标数值
指标分值
指标数值
指标分值
指标数值
指标分值
指标数值
指标分值
指标数值
指标分值
指标数值
指标分值
指标数值
指标分值
指标数值
指标分值
指标数值
指标分值
指标数值
指标分值
指标数值
指标分值
指标数值
指标分值
指标数值
指标分值
指标数值
指标分值
指标数值
指标分值
指标数值
指标分值
指标数值
指标分值
指标数值
指标分值
指标数值
指标分值
指标数值
指标分值
指标数值
指标分值
0.49
0.06
2.32
1162.61
39.74
7.17
580.19
0.34
8.98
52.12
6.77
0.27
8.98
517.80
4.06
331.44
4.52
51.76
6.78
96.72
5.11
1.27
8.89
33.37
737
131.33
5.02
91.06
5.12
164.41
4.94
17.65
7.88
181.05
4.90
41.57
7.11
539.43
4.00
29.87
7.48
3792.49
2.28
128.04
5.03
1.90
8.84
95.72
5.11
5.26
8.53
345.25
4.49
78.82
5.92
2167
7.75
6.02
8.46
17.60
7.88
4.11
8.64
1983.85
2.62
326.07
4.53
14.76
7.97
374.41
4.41
35.26
7.31
1639.23
2.68
42.96
4.68
8.77
6.05
221.17
2.26
4.02
1.98
0.06
2 46
152.49
1.03
0.35
1.21
8.18
1.71
16.28
1.45
8.40
1.69
2.25
2.28
0.05
3.65
21.49
1.41
20.83.
1.42
1.48
2.35
0.01
3.79
2.66
2.24
47.90
1.22
277.22
0.78
1.24
2.38
7.73
1.75
0.56
2.92
5.23
1.99
0.60
2.88
3413.60
0.31
2.95
1.30
2.37
2.18
2.29
37.32
1.30
23.20
1.40
0.00
3.81
0.06
3.59
0.12
3.41
286.99
0.78
31.91
1.34
10.86
1.49
1.61
2.34
0.14
3.39
1204.56
0.44
0.07
5.94
1.44
3.71
1.23
0.78
0.79
0.61
0.65
5.60
1.40
5.53
1.40
3.89
1.25
3.15
1.18
0.13
0.30
1204
2.00
4.82
1.33
0.45
0.54
5.4
1.36
6.59
1.49
17.22
2.43
0.49
0.57
0.66
0.69
2.44
1.12
0.35
0.46
2.01
1.08
5.31
1.38
1.86
1.07
3.75
1.24
7.42
1.57
11.50
1.96
2.73
1.15
1.13
1.05
6.05
1.44
3.92
1.25
4.88
1.34
1.76
1.06
3.93
1.25
0.15
0.38
0.21
0.51
0.47
1.08
0.20
0.49
0.92
2.07
0.17
0.42
0.45
1.04
0.04
0.21
0.10
0.27
0.05
0.22
0.08
0.24
0.45
1.04
5.76
3.00
0.69
1.57
0.44
1.02
0.15
0.38
0.29
0.69
0.08
0.24
0.40
0.93
0.02
0.19
1.35
2.34
0.10
0.27
0.40
0.93
0.09
0.25
0.13
0.34
0.30
0.71
0.15
0.38
0.07
0.23
0.23
0.56
0.50
1.15
0.20
0.49
0.02
0.19
0.77
1.74
63.44
2.08
56.45
2.41
37.89
2.68
63.11
2.09
59.22
2.28
53.57
2.54
53.59
2.54
57.58
2.35
70.17
1.77
40.65
2.71
19.12
2.45
48.98
280
37.10
2.67
54.07
2.52
65.24
2.00
24.68
2.52
21.13
2.48
60.64
2.21
53.17
2.56
47.80
2.80
35.17
2.65
64.69
2.02
43.71
2.75
21.15
2.48
48.51
2.80
20.98
2.48
65.00
2.01
63.14
2.09
28.72
2.57
46.66
2.78
28.37
2.56
84.99
1.07
66.51
1.94
59.36
2.27
65.29
1.99
20.03
2.46
63.41
2.08
62.90
2.10
55.7
55.65
55.55
55.55
55.48
55.43
55.43
55.27
55.26
55.25
55.1
55
54.99
54.86
54.8
54.77
54.76
54.63
54.58
54.53
54.52
54.52
54.43
54.36
54.33
54.33
54.32
54.28
54.22
54.14
54.14
54.13
54.11
54.03
53.87
53.82
53.82
53.78
67

=== PAGE 70 ===
2025中国能源上市公司可持续发展（ESG）评价报告
2025中国能源上市公司可持续发展（ESG）评价前200名单
发布机构：
出凡熊照所蒸念
万绿信评
能源金融与法仆分会
aareen Credi1
103
603053.SH
成都燃气
指标数值
指标分值
104
603628.SH
清源股份
指标数值
指标分值
105
106
601808.SH/
02883.HK
002121.SZ
中海油服
指标数值
指标分值
科陆电子
指标数值
指标分值
107
600101.SH
明星电力
指标数值
指标分值
指标数值
108
603806.SH
福斯特
指标分值
109
02386.HK
中石化炼化工程
指标数值
指标分值
指标数值
110
300105.SZ
龙源技术
指标分值
110
688778.SH
厦钨新能
指标数值
指标分值
111
601222.SH
林洋能源
指标数值
指标分值
指标数值
112
000155.SZ
川能动力
指标分值
指标数值
113
002074.SZ
国轩高科
指标分值
指标数值
114
688517.SH
金冠电气
指标分值
指标数值
115
605222.SH
起帆电缆
指标分值
116
835185.BJ
贝特瑞
指标数值
指标分值
指标数值
116
600452.SH
涪陵电力
指标分值
指标数值
117
002506.SZ
协鑫集成
指标分值
指标数值
117
601985.SH
中国核电
指标分值
118
688005.SH
容百科技
指标数值
指标分值
119
002358.SZ
森源电气
指标数值
指标分值
指标数值
120
301266.SZ
宇邦新材
指标分值
指标数值
121
301386.SZ
未来电器
指标分值
122 600475.SH
华光环能
指标数值
指标分值
122
300457.SZ
赢合科技
指标数值
指标分值
123
603318.SH
水发燃气
指标数值
指标分值
指标数值
123
600379.SH
宝光股份
指标分值
124
01878HK
南戈壁
指标数值
指标分值
125
603393.SH
新天然气
指标数值
指标分值
125
601012.SH
隆基绿能
指标数值
指标分值
126
002580.SZ
圣阳股份
指标数值
指标分值
指标数值
127
00392HK
北京控股
指标分值
128
002364.SZ
中恒电气
指标数值
指标分值
指标数值
129
01250.HK
山高新能源
指标分值
指标数值
130
300450.SZ
先导智能
指标分值
131
688567.SH
孚能科技
指标数值
指标分值
132
00003.HK
香港中华煤气
指标数值
指标分值
指标数值
132
688147.SH
微导纳米
指标分值
133
002709.SZ
天赐材料
指标数值
指标分值
6.39
2.72
230.79
22.02
7.74
159.30
4.95
19.92
7.80
16.04
7.93
128.90
5.03
107.37
5.08
316.54
4.56
532.00
4.02
137.31
5.01
9.86
8.12
657.29
3.71
6.09
8.46
320,50
4.55
15.11
796
348.40
4.48
36.28
7.28
72.18
6.13
49.06
6.87
3643.02
231
17.16
7.89
478.49
4.15
152.82
4.97
83.18
5.78
658.00
3.71
385.65
4.39
272.52
4.67
142.75
4.99
131.72
5.02
1514.11
2.70
2887
752
160.06
4.95
417.75
4.31
61.52
647
384.47
4.39
2.17
633
1.15
0.28
0.18
0.00
2.48
0.56
86
07
58
5.75
1.94
14.90
1.46
0.81
2.63
11.79
1.49
25.03
1.39
0.16
3.37
7.22
1.80
7.83
0.46
2.55
1.13
2.87
1.16
8.51
1.67
0.30
0.42
3.43
1.21
3.92
1.25
5.13
1.36
3.15
1.18
3.99
0.30
0.71
39.71
2.70
57.90
2.34
46.44
93.29
0.69
27.08
2.55
21.66
2.48
61.26
2.18
29.74
2.58
38.55
2.69
36.25
53.7
53.61
53.52
53.49
53.43
53.39
53.29
53.22
53.22
53.17
5380.28
0.39
3.90
1.99
18.56
1.46
2.04
2.12
1.70
2.15
238
嗯…….愛：留：靈：兩：暖丝覽地：兩i
哪出M%；優：嗯：個…...需吧：...別逃：g加：緊：驚：飛光m：留四
1.74
0.06
3.61
8.39
1.69
5.34
1.98
10.02
1.50
30.07
1.35
0.81
2.63
1.79
2.32
0.99
2.43
1.44
2.36
595.32
0.65
0.01
3.81
0.39
3.11
7.07
1.82
0.51
2.98
9.25
1.61
1.45
0.90
2.54
7.96
1.73
55.06
1.16
28.66
1.36
1.08
1.26
0.69
0.72
6.07
1.45
5.37
1.38
0.41
0.51
5.42
1.39
0.00
0.20
1.29
1.02
1.78
1.06
2.81
1.15
4.04
1.26
2.16
1.09
4.46
1.30
2.43
1.12
6.21
1.46
0.56
0.62
3.70
1.23
2.20
1.10
3.23
1.19
2.28
1.11
8.15
1.63
14.09
2.17
4.98
1.35
989
1.79
5.34
1.38
0.21
0.10
0.27
2.66
49.92
2.71
72.28
1.67
36.40
66.60
56.83
2.39
18.36
2.44
87.59
68.27
185
62.69
2.11
50.87
2.67
47.15
2.79
10.18
235
58.89
2.29
52.85
2.57
56.36
2.41
55.71
2.44
111.60.
0.43
42.83
59.83
2.25
36.68
2.66
53.46
35.07
264
60.01
68.00
1.87
62.78
2.11
56.82
68.58
44,37
2.76
53.02
52.73
52.6
52.54
52.47
52.47
52.42
52.42
52.33
52.3
52.17
51.95
51.81
51.81
51.72
51.72
51.62
51.57
51.57
51.54
51.48
51,38
51.34
51.33
51.31
51,26
51,26
51.22
68

=== PAGE 71 ===
|评价报告
2025中国能源上市公司可持续发展（ESG）评价前200名单
发布机构：
中国能源研究公
能源金融与法律分公
万绿信评
areen credit
134
135
136
137
138
139
140
141
142
143
144
145
146
147
148
148
149
150
151
152
153
154
155
156
156
157
158
159
160
161
162
163
164
165
166
167
168
169
00467.HK
002823.SZ
300491.SZ
002340.SZ
300129.SZ
688772.SH
603507.SH
600346.SH
000883.SZ
600635.SH/
01635.HK
605162.SH
002533.SZ
600268.SH
002245.SZ
600886.SH
688660.SH
03303.HK
00934.HK
000682.SZ
300724.SZ
002270SZ
688390.SH
600903.SH
03868.HK
600871.SH/
01033.HK
600116.SH
600151.SH
600089.SH
600925.SH
00836.HK
688733.SH
603689.SH
000937.SZ
002493.SZ
601311.SH
001283.SZ
605011.SH
600688.SH/
00338.HK
联合能源集团
凯中精密
通合科技
格林美
泰胜风能
珠海冠宇
振江股份
恒力石化
湖北能源
大众公用
新中港
金杯电工
国电南自
蔚蓝锂芯
国投电力
电气风电
巨涛海洋
石油服务
中石化冠德
东方电子
捷佳伟创
华明装备
固德威
贵州燃气
信义能源
石化油服
三峡水利
航天机电
特变电工
苏能股份
华润电力
壹石通
皖天然气
冀中能源
荣盛石化
骆驼股份
豪鹞科技
杭州热电
上海石化
指标数值
2509.00
指标分值
2.52
指标数值
指标分值
指标数值
0.64
2308.51
0.61
1.08
2.19
26.89
1.42
49.30
1.01
1760.42
3.76
2.14
7.84
1.74
指标数值
指标分值
指标数值
188.92
1.02
1688.43
0.65
1273.59
0.68
43
900.34
2.82
273.72
4.67
332.41
4.52
926.85
2.81
0.04
0.32
0.24
0.56
0.32
0.66
0.22
0.54
0.15
0.46
0.22
0.54
0.05
0.34
0.24
0.56
1.85
0.04
0.33
0.35
0.98
1.43
0.23
0.55
0.00
0.28
0.10
0.40
1.48
1.55
291
1.72
0.48
0.84
0.05
0.34
0.47
0.83
5.95
2.08
1.04
1.49
0.54
0.92
4.28
1 88
0.22
0.54
0.04
0.33
0.13
0.44
0.24
0.56
0.21
0.53
2.49
1.12
9.37
1.74
3.32
1.20
2.69
1.14
12.64
2.05
3.47
1.21
0.72
0.74
0.09
0.27
0.01
0.21
3.59
1.22
3.23
1.19
6.54
1.49
6.15
1.45
0.29
0.42
5.97
3.76
1.24
8.32
1.65
3.44
1.21
3.50
1.22
8.18
1.64
0.17
0.33
2.77
1.15
0.02
0.21
3.41
1.21
1.38
1.02
1.98
1.08
1.43
1.03
9.57
1.76
0.12
0.29
3.74
1.24
1.56
1.04
1.87
1.07
5.89
1.43
0.78
0.78
0.20
0.35
0.08
0.24
0.41
0.95
0.07
0.23
0.07
0.23
0.30
0.71
0.30
0.71
0.45
1.04
0.10
0.27
0.04
0.21
0.18
0.45
0.45
1.04
0.14
0.36
0.07
0.23
0.49
1.13
0.03
0.20
0.23
0.56
0.08
0.24
1.20
2.32
0.54
1.24
0.04
0.21
0.03
0.20
0.09
0.25
0.25
0.60
0.12
0.31
0.39
0.91
0.10
0.27
0.35
0.82
0.80
1.81
0.09
0.25
0.29
0.69
0.43
1.00
0.16
0.40
0.02
0.19
49.10
2.75
46.02
2.78
46.56
2.78
64.82
2.02
52.27
2.60
65.32
1.99
63.65
2.07
76.78
1.46
58.63
2.30
56.33
2.41
29.96
2.58
57.81
2.34
60.88
2.20
35.88
2.65
63.22
2.09
82.46
1.19
30.43
2.59
2.33
2.25
55.61
2.45
67.03
1.91
28.63
2.57
63.36
2.08
64.21
2.04
42.29
2.73
88.82
0.90
55.37
2.46
36.66
2.66
56.63
2.40
54.16
2.51
66.91
1.92
31.36
2.60
47.73
2.80
54.71
2.49
74.90
1.54
35.11
2.65
72.41
1.66
30.25
2.59
39.80
2.70
51.21
51.19
51.17
51.12
51.1
51.05
51.04
50.96
50.92
50.77
50.73
50.7
50.68
50.67
50.63
50.63
50.49
50.43
50.35
50.32
50.07
50.03
49.97
49.95
49.95
49.94
49.93
49.87
49.86
49.81
49.73
49.67
49.64
49.63
49.62
49.59
49.57
49.51
69

=== PAGE 72 ===
2025中国能源上市公司可持续发展（ESG）评价报告
序号
170
172
173
173
174
175
176
177
178
179
180
180
182
183
184
185
186
187
188
190
191
192
193
193
195
196
197
198
1〇〇
200
2025中国能源上市公司可持续发展（ESG）评价前200名单
发布机构：
出以能照照X公
L 熊源金碘与法律分会
万绿信评
Green Credit
688303.SH
300510.SZ
603396.SH
601991.SH/
00991.HK
000554.SZ
02728.HK
01623.HK
300751.SZ
大全能源
中信资源
金冠股份
金辰股份
大唐发电
泰山石油
金泰能源控股
海隆控股
迈为股份
600483.SH
603218.SH
福能股份
宏华集团
日月股份
600795.SH
601918.SH
600644SH
601868.SH/
03996.HK
01303.HK
301439SZ
600642.SH
002608.SZ
601699 SH
600098.SH
601001.SH
002479.SZ
300569.SZ
002459.SZ
688032.SH
600027.SH/
01071.HK
000862.SZ
000543.SZ
600011.SH/
00902.HK
688779.SH
00975.HK
835985.BJ
国电电力
新集能源
乐山电力
中国能建
汇力资源
泓淋电力
申能股份
江苏国信
潞安环能
广州发展
晋控煤业
富春环保
天能重工
晶澳科技
禾迈股份
华电国际
天合光能
银星能源
皖能电力
华能国际
五矿新能
MONGOL
MINING
中港石油
海泰新能
指标数值
指标分值
指标数值
指标分值
指标数值
指标分值
696.69
3.61
131.49
5.02
22.57
7.72
指标数值
指标分值
指标数值
17082.64
指标分值
0.93
2245.95
1.11
82.21
3.11
42.83
1.09
6.38
6.38
指标数值
10.58
指标分值
8.10
指标数值
0.06
指标分值
9.00
指标数值
38.83
指标分值
7.20
指标数值
39.26
指标分值
指标数值
|9846.71
指标分值
0.99
指标数值
指标分值
6.38
指标数值 3043.76
指标分值
指标数值 17559.39
指标分值
0.92
指标数值
9191.83
指标分值
1.26
指标数值
459.09
指标分值
指标数值
132.53
指标分值
5.02
指标数值
30.33
指标分值
7.47
指标数值
79.95
指标分值
指标数值|12562.74
指标分值
0.97
0.01
6.45
12.01
5.92
S06
3427.49
1.02
15.45
5.78
798.77
10152.25
0.48
1.17
1896.22
1.14
46.28
4.55
0.01
6.45
78.78
3.25
09
指标效信
16015.00
指标分值
0.94
指标数值
指标分值
指标数值
577.50
指标分值
指标数值
指标分值
指标数值 7266.35
指标分值
指标数值
165.03
指标分值
4.94
指标数值
474.60
指标分值
4.16
指标数值
指标分值
指标数值 15676.06
6324.13
指标分值
0.94
0.84
指标数值
360.73
98.76
指标分值
2.42
指标数值
101.14
188.91
指标分值
5.10
指标数值 15222.98
0.56
指标分值
0.95
6.41
指标数值
5394.25
指标分值
0.86
指标数值
615.08
158.72
指标分值
3.81
224
指标数值1980.40
19.27
指标分值
2.62
5.63
指标数值
1.84
指标分值
6.42
指标数值
52.64
12.11
指标分值
6.76
2.73
2.07
60.75
0.9O
66.16
1.22
2467.73
0.60
0.01
2.48
1380.05
0.19
3290.43
0.54
1.37
2.17
6.86
3077.00
0.55
0.83
0.01
2.48
0.36
2.01
1830.20
0.19
0.09
2.27
0.81
1.68
1538.50
0.19
403.26
0.54
75.11
1.17
107.35
1.05
86.40
0.83
2.28
1.53
1004.71
0.78
1223.51
326.48
1.72
75.70
1.93
15192.54
0.75
214.04
1.76
2.44
147.21
1.78
549.66
1.64
170283.39
0.28
863.95
2880.36
1.32
0.76
19470.15
0.73
1.98
375.93
1.70
90.80
594.51
1.62
1645796.87
0.15
808907.20
67.76
1.07
1.30
2.37
0.21
3.31
0.32
3.19
0.67
1.07
0.28
0.61
2.96
0.53
6.32
1.47
7.62
1.59
0.04
0.23
0.15
0.38
0.06
0.23
0.10
0.27
2.33
35.19.
2.65
31.41
2.60
53.73
2.53
71.02
0.64
2.82
2.63
1982.19
0.39
18.72
1.43
0.70
1554.27
0.42
4644.47
0.23
渺川奶Z刚 叭86w8
1.34
0.31
0.43
6Mwz0z0200
0.35
0.82
0.20
0.49
驟~双9gz點
69288
BH2a82
292
73.40
3.06
379.16
0.74
6.85
1699.02
0.41
3171.68
0.32
3.25
165.43
4264.44
1.22
303.56
2149.30
0.62
2.32
2.10
1086.99
0.20
0.01
2.46
2297.39
0.61
8.34
3646.75
0.51
0.02
2.47
1107.86
2.31
1.53
1.54
2013.63
1.39
1.56
1264.47
136.78
1.79
20661.63
0.72
5060.29
684.45
1.59
231947.90
0.27
875191.58
0.17
2216.60
1.37
234
46.40
2.06
301.17
1.73
0.32
2741.61
0.35
24.81
1.39
6.73
3101.28
0.32
2011.91
0.39
2.90
2.22
55.79
1.16
0.01
3.80
0.11
0.42
2.03
0.58
0.96
0.67
0.13
0.44
（g0m0
4EW0z0
1.19
1.42
1.03
2.14
mx6u
121
前勵m
1.03
13.35
2.11
2.11
1.09
2.30
1.11
0.27
0.40
0.61
0.65
0.68
0.71
4.20
1.28
0.30
0.71
0.45
20
0.27
0.41
0.95
0.27
0.64
0.38
3.17
2.61
0.22
0.53
23.72
61.55
2.17
73.98
1.59
53.57
2.54
0.32
0.75
0.27
0.64
65.01
2.01
65.40
1.99
45.19
277
35.33
2.65
19.76
246
0.15
0.63
0.25
73.58
0.67
1.61
备注：
1.数据统计时间范围：2024年1月1日-2024年12月31日。
2. 信息来源：能源领域上市公司2024年年报、2024年可持续发展报告（2024年环境、社会及管治报告或2024年
社会责任报告）及Choice数据终端、青绿数据。
3. 评价依据：《能源企业可持续发展（ESG）披露指标体系和评价导则》标准。
4. 能源企业可持续发展（ESG）总分值S=80%× SL（定量指标分值）+20%×Sx（定性指标分值）
49.35
49.33
49.29
49.25
49.25
49.17
49.13
49.1
49.05
49.04
48.97
48.15
48.15
48.13
48.11
47.86
47.86
47.77
47.73
47.7
47.68
70
